12-oclock-high-special-edition-00006361.jpg 327.8775634765625 213.3125 331.83673095703125 294.671875 367.4693908691406 322.453125 195.24490356445312 197.4375 175.448974609375 276.8125 165.551025390625 338.328125
12-oclock-high-special-edition-00006371.jpg 290.6326599121094 219.3203125 288.6938781738281 291.15234375 339.10205078125 322.21484375 160.7346954345703 209.61328125 139.40817260742188 296.9765625 139.40817260742188 364.92578125
12-oclock-high-special-edition-00006381.jpg 245.41632080078125 215.1328125 259.1591796875 293.7265625 318.05712890625 319.26953125 123.69387817382812 219.0625 109.95101928710938 323.19921875 106.02449035644531 399.828125
12-oclock-high-special-edition-00006391.jpg 231.5142822265625 206.046875 243.34283447265625 279.03515625 302.4857177734375 316.515625 91.5428466796875 223.80078125 85.62857055664062 330.32421875 105.34284973144531 395.421875
12-oclock-high-special-edition-00006401.jpg 249.22857666015625 215.3515625 255.15512084960938 304.296875 310.4693908691406 343.828125 108.96734619140625 219.3046875 99.08979797363281 329.9921875 160.3306121826172 389.2890625
12-oclock-high-special-edition-00006851.jpg 164.9387664794922 213.28125 152.53060913085938 275.3125 157.1836700439453 323.38671875 251.79591369628906 222.5859375 265.7550964355469 275.3125 285.9183654785156 318.734375
12-oclock-high-special-edition-00006931.jpg 196.02447509765625 198.140625 181.6734619140625 243.4140625 172.10610961914062 277.96484375 262.99591064453125 210.0546875 257.0163269042969 251.75390625 255.82040405273438 283.921875
12-oclock-high-special-edition-00012931.jpg 342.2081604003906 187.08984375 407.74285888671875 230.90234375 364.0530700683594 148.75390625 156.5265350341797 189.828125 112.83673095703125 285.66796875 137.41224670410156 365.078125
12-oclock-high-special-edition-00014211.jpg 492.0326232910156 235.671875 504.1958923339844 345.53515625 509.06121826171875 411.453125 358.2367248535156 218.58203125 319.31427001953125 326.00390625 316.8816223144531 387.0390625
12-oclock-high-special-edition-00014271.jpg 477.9877624511719 230.29296875 493.5143127441406 313.16796875 496.10205078125 403.8125 338.2489929199219 227.703125 309.78369140625 326.1171875 299.43267822265625 401.22265625
12-oclock-high-special-edition-00014391.jpg 463.7347106933594 226.4609375 483.46124267578125 309.8828125 472.5020446777344 377.9375 330.03265380859375 217.6796875 301.5387878417969 292.3203125 290.57958984375 353.7890625
12-oclock-high-special-edition-00015581.jpg 402.2449035644531 217.875 411.6326599121094 291.3046875 394.7347106933594 313.8984375 297.10205078125 206.578125 255.79592895507812 278.125 325.26531982421875 295.0703125
12-oclock-high-special-edition-00015681.jpg 533.0 212.7265625 545.0408325195312 259.49609375 547.448974609375 294.2734375 470.38775634765625 219.921875 457.1428527832031 265.4921875 478.81634521484375 290.67578125
12-oclock-high-special-edition-00016481.jpg 301.6571350097656 180.0625 336.0081787109375 281.22265625 344.5959167480469 380.23046875 140.63673400878906 190.82421875 114.87347412109375 300.59375 106.28572082519531 393.14453125
12-oclock-high-special-edition-00016491.jpg 299.7591552734375 179.78125 342.1020202636719 286.609375 342.1020202636719 371.265625 130.3877410888672 193.890625 116.27346801757812 310.796875 108.20816040039062 399.484375
12-oclock-high-special-edition-00016501.jpg 321.5999755859375 185.23828125 356.05712890625 283.0546875 365.6285705566406 369.36328125 162.7142791748047 190.9921875 147.39999389648438 304.15234375 135.91427612304688 384.70703125
12-oclock-high-special-edition-00016501.jpg 326.0367431640625 186.6015625 358.6571350097656 287.33984375 366.812255859375 377.1875 165.65306091308594 200.21484375 149.3428497314453 295.5078125 138.46939086914062 382.6328125
12-oclock-high-special-edition-00016511.jpg 324.9346923828125 188.14453125 357.7183532714844 282.48046875 374.1101989746094 370.6640625 150.77142333984375 202.5 134.3795928955078 309.140625 126.18367004394531 397.32421875
12-oclock-high-special-edition-00018031.jpg 367.7428283691406 174.7109375 405.028564453125 306.796875 390.1142578125 408.9765625 198.7142791748047 209.6015625 178.8285675048828 334.2109375 181.3142852783203 428.9140625
12-oclock-high-special-edition-00018041.jpg 365.0285949707031 183.5078125 403.67755126953125 295.09765625 399.130615234375 413.51953125 192.24490356445312 201.7265625 176.3306121826172 329.2578125 185.42449951171875 434.015625
12-oclock-high-special-edition-00018051.jpg 377.4244689941406 182.6875 414.3061218261719 305.734375 404.06121826171875 420.578125 205.31019592285156 190.890625 176.62448120117188 318.0390625 178.6734619140625 422.62890625
12-oclock-high-special-edition-00018051.jpg 386.42041015625 184.1796875 413.27349853515625 285.9140625 404.3224792480469 414.578125 201.43267822265625 184.1796875 174.57958984375 321.8203125 183.53060913085938 429.5390625
12-oclock-high-special-edition-00018061.jpg 373.9469299316406 172.40625 420.0122375488281 289.03125 410.31427001953125 408.0859375 209.08163452148438 177.265625 175.13877868652344 298.75 175.13877868652344 410.515625
12-oclock-high-special-edition-00018081.jpg 384.93878173828125 161.3671875 434.89794921875 282.125 411.38775634765625 399.9375 202.7346954345703 161.3671875 182.16326904296875 314.5234375 176.2857208251953 408.7734375
12-oclock-high-special-edition-00018111.jpg 388.551025390625 152.75390625 440.2244873046875 292.60546875 406.6367492675781 401.37890625 236.11428833007812 165.703125 205.11019897460938 295.1953125 192.19183349609375 398.7890625
12-oclock-high-special-edition-00018171.jpg 396.10205078125 157.21875 448.1101989746094 281.828125 411.93060302734375 395.109375 228.77142333984375 152.6875 197.11428833007812 286.359375 197.11428833007812 395.109375
12-oclock-high-special-edition-00018181.jpg 401.6203918457031 159.7890625 442.5999755859375 282.8359375 409.8163146972656 393.578125 225.4081573486328 159.7890625 200.82040405273438 291.0390625 204.91836547851562 393.578125
12-oclock-high-special-edition-00030151.jpg 674.4571533203125 166.984375 695.9183349609375 241.203125 639.3387451171875 264.640625 551.5428466796875 151.359375 514.4734497070312 219.71875 561.2979736328125 250.96875
12-oclock-high-special-edition-00030241.jpg 634.857177734375 171.3828125 664.244873046875 244.9765625 603.6326293945312 244.9765625 520.9796142578125 169.54296875 493.4285888671875 232.09765625 539.346923828125 272.57421875
12-oclock-high-special-edition-00030281.jpg 626.379638671875 165.5859375 658.3143310546875 233.453125 608.4163208007812 253.4140625 510.6163330078125 165.5859375 498.64080810546875 239.44140625 532.5714111328125 285.3515625
12-oclock-high-special-edition-00034041.jpg 469.8775634765625 180.6171875 507.10205078125 256.94140625 493.38775634765625 327.39453125 356.2449035644531 186.48828125 328.81634521484375 260.85546875 309.2244873046875 317.609375
12-oclock-high-special-edition-00034051.jpg 462.7428894042969 175.0 491.5428771972656 249.25 491.5428771972656 317.3125 341.3714599609375 199.75 331.0857238769531 269.875 331.0857238769531 329.6875
12-oclock-high-special-edition-00034061.jpg 479.96734619140625 187.0390625 502.1387634277344 263.1640625 481.551025390625 331.359375 370.6938781738281 193.3828125 359.608154296875 277.4375 342.187744140625 328.1875
12-oclock-high-special-edition-00034151.jpg 488.3265075683594 184.9453125 520.914306640625 268.546875 488.3265075683594 325.640625 386.48980712890625 186.984375 362.0489501953125 264.46875 341.681640625 305.25
12-oclock-high-special-edition-00034151.jpg 492.5918273925781 194.796875 513.7510375976562 271.375 492.5918273925781 325.5078125 380.18365478515625 198.7578125 368.2816162109375 266.09375 347.1224365234375 308.34375
12-oclock-high-special-edition-00034161.jpg 491.1999816894531 184.75 524.6448974609375 251.6875 546.2857055664062 257.59375 390.86529541015625 182.78125 345.6163330078125 224.125 276.7591857910156 216.25
12-oclock-high-special-edition-00043631.jpg 360.5142822265625 320.375 391.5877685546875 401.46875 418.6081848144531 436.609375 244.3265380859375 316.3203125 214.60409545898438 423.09375 303.77142333984375 433.90625
12-oclock-high-special-edition-00044681.jpg 365.0163269042969 164.89453125 378.5714416503906 256.6328125 325.8571472167969 334.8359375 252.05714416503906 196.4765625 255.06939697265625 286.7109375 267.11834716796875 348.37109375
12-oclock-high-special-edition-00044691.jpg 376.3999938964844 173.0546875 405.9877624511719 280.8671875 373.710205078125 361.7265625 247.289794921875 194.6171875 233.8408203125 291.6484375 223.08163452148438 367.1171875
12-oclock-high-special-edition-00044701.jpg 419.4571228027344 178.33203125 432.8775329589844 290.63671875 421.6938781738281 387.21875 278.5428466796875 180.578125 249.46530151367188 268.17578125 242.75509643554688 351.28125
12-oclock-high-special-edition-00045831.jpg 529.7428588867188 263.31640625 539.1142578125 333.39453125 550.8285522460938 398.80078125 420.79998779296875 251.63671875 403.22857666015625 327.5546875 413.77142333984375 382.44921875
12-oclock-high-special-edition-00053451.jpg 367.4000244140625 145.96875 377.8898010253906 240.5390625 390.4775695800781 299.3828125 262.5020446777344 148.0703125 252.0122528076172 261.5546875 283.48162841796875 347.71875
12-oclock-high-special-edition-00054141.jpg 295.3061218261719 189.33984375 303.1224365234375 242.59765625 279.6734619140625 288.0234375 190.56735229492188 176.80859375 149.92245483398438 237.8984375 146.79592895507812 292.72265625
12-oclock-high-special-edition-00054151.jpg 269.5306091308594 193.625 293.72650146484375 252.078125 249.36734008789062 290.375 164.68162536621094 181.53125 116.289794921875 229.90625 82.01223754882812 296.421875
12-oclock-high-special-edition-00054161.jpg 304.448974609375 182.59375 342.35919189453125 237.4375 401.33062744140625 279.625 173.869384765625 172.046875 117.00408935546875 254.3125 150.70204162597656 321.8125
12-oclock-high-special-edition-00054201.jpg 243.27755737304688 166.890625 265.0081787109375 236.20703125 251.17959594726562 311.46484375 103.01632690429688 178.7734375 63.506126403808594 285.71875 75.35919189453125 374.83984375
12-oclock-high-special-edition-00054551.jpg 497.7591552734375 217.6640625 506.7877502441406 267.9375 501.6285705566406 334.96875 415.2122497558594 215.0859375 412.6326599121094 271.8046875 403.60406494140625 307.8984375
12-oclock-high-special-edition-00054561.jpg 505.653076171875 214.05078125 510.71429443359375 273.3515625 509.448974609375 330.12890625 419.61224365234375 207.7421875 409.48980712890625 272.08984375 398.10205078125 313.7265625
12-oclock-high-special-edition-00054571.jpg 519.0122680664062 215.3125 525.318359375 278.3984375 520.2734375 327.60546875 426.94287109375 206.48046875 415.5918273925781 265.78125 406.7632751464844 303.6328125
12-oclock-high-special-edition-00054581.jpg 526.3673706054688 218.76953125 530.1224365234375 284.53125 522.6122436523438 339.01953125 436.2449035644531 203.73828125 419.346923828125 265.7421875 406.2041015625 308.95703125
12-oclock-high-special-edition-00057901.jpg 510.1836853027344 161.61328125 548.926513671875 233.671875 547.0816650390625 311.2734375 369.971435546875 176.39453125 369.971435546875 263.234375 386.57550048828125 322.359375
12-oclock-high-special-edition-00058571.jpg 531.1714477539062 211.546875 533.800048828125 301.0625 510.14288330078125 377.4140625 386.6000061035156 222.078125 386.6000061035156 306.328125 383.971435546875 369.515625
12-oclock-high-special-edition-00059391.jpg 193.59999084472656 226.3515625 221.9755096435547 280.4921875 179.4122314453125 285.6484375 123.95101928710938 223.7734375 111.05305480957031 280.4921875 105.89387512207031 326.8984375
12-oclock-high-special-edition-00061901.jpg 468.0 202.6484375 486.7142639160156 312.515625 486.7142639160156 408.984375 326.3061218261719 221.40625 323.63262939453125 315.1953125 307.5918273925781 398.265625
12-oclock-high-special-edition-00065851.jpg 283.35919189453125 277.9765625 267.73468017578125 331.859375 271.99591064453125 382.90625 355.79998779296875 276.55859375 370.00408935546875 331.859375 370.00408935546875 381.48828125
12-oclock-high-special-edition-00065861.jpg 302.8775634765625 283.125 288.28570556640625 325.875 308.48980712890625 351.75 366.85711669921875 282.0 373.5918273925781 338.25 372.4693603515625 375.375
12-oclock-high-special-edition-00065871.jpg 544.3795776367188 222.8046875 556.1510009765625 310.1484375 534.289794921875 380.6953125 413.2122497558594 231.203125 399.7591857910156 313.5078125 398.0775451660156 372.296875
12-oclock-high-special-edition-00065881.jpg 511.94287109375 215.84765625 525.4857177734375 303.2109375 500.334716796875 376.984375 386.187744140625 225.5546875 380.3836669921875 307.09375 382.318359375 365.3359375
12-oclock-high-special-edition-00065921.jpg 442.77960205078125 202.40625 459.06939697265625 266.35546875 449.0448913574219 340.3359375 333.76324462890625 214.9453125 326.2449035644531 293.94140625 332.51019287109375 346.60546875
12-oclock-high-special-edition-00066081.jpg 288.6898193359375 206.046875 310.914306640625 266.74609375 284.2449035644531 306.71875 198.31021118164062 216.41015625 198.31021118164062 268.2265625 195.34693908691406 294.875
12-oclock-high-special-edition-00068191.jpg 359.48980712890625 233.390625 366.13470458984375 304.9453125 339.55511474609375 344.8828125 258.15509033203125 231.7265625 253.1714324951172 293.296875 239.8816375732422 341.5546875
12-oclock-high-special-edition-00068221.jpg 422.77142333984375 232.7421875 452.09796142578125 305.296875 479.4693908691406 370.0078125 289.8244934082031 240.5859375 293.73468017578125 324.90625 313.28570556640625 377.8515625
12-oclock-high-special-edition-00068231.jpg 410.6898193359375 249.875 434.62042236328125 340.21875 429.09796142578125 439.78125 278.1510314941406 246.1875 263.42449951171875 338.375 246.85714721679688 408.4375
12-oclock-high-special-edition-00071131.jpg 461.24896240234375 199.46875 464.5714111328125 301.21484375 418.05712890625 379.609375 394.79998779296875 197.80078125 393.1387939453125 296.2109375 336.6571350097656 331.23828125
12-oclock-high-special-edition-00071161.jpg 481.93878173828125 210.1640625 504.48980712890625 297.078125 492.3469543457031 373.5625 372.653076171875 222.33203125 374.38775634765625 300.5546875 374.38775634765625 359.65625
12-oclock-high-special-edition-00071871.jpg 436.7347106933594 200.984375 459.1469421386719 235.08203125 420.22039794921875 255.0703125 351.8040771484375 204.51171875 334.1101989746094 240.9609375 361.2408142089844 264.4765625
12-oclock-high-special-edition-00071881.jpg 402.83673095703125 194.53125 426.9183654785156 233.15625 387.18365478515625 253.67578125 318.551025390625 201.7734375 306.51019287109375 240.3984375 325.7755126953125 258.50390625
12-oclock-high-special-edition-00071931.jpg 312.7265319824219 172.296875 324.3714294433594 227.89453125 288.14288330078125 265.390625 220.86123657226562 180.0546875 210.5102081298828 230.48046875 229.91836547851562 251.16796875
12-oclock-high-special-edition-00076051.jpg 371.82855224609375 246.875 377.33062744140625 304.625 366.3265380859375 347.25 279.66937255859375 242.75 270.04083251953125 307.375 265.9142761230469 350.0
12-oclock-high-special-edition-00078201.jpg 397.5306091308594 226.46875 407.7918395996094 291.484375 407.7918395996094 337.6796875 306.8898010253906 207.6484375 265.84490966796875 269.2421875 269.26531982421875 325.703125
12-oclock-high-special-edition-00078781.jpg 171.96734619140625 178.4375 182.8408203125 265.4375 175.5918426513672 321.625 99.47755432128906 162.125 77.73060607910156 263.625 88.60408020019531 350.625
12-oclock-high-special-edition-00083681.jpg 336.7306213378906 178.08203125 294.1673583984375 261.5625 284.493896484375 317.86328125 410.2489929199219 201.37890625 381.22857666015625 300.390625 383.16326904296875 385.8125
12-oclock-high-special-edition-00084551.jpg 597.591796875 169.66015625 635.824462890625 271.0859375 590.8449096679688 320.671875 458.15509033203125 169.66015625 444.6612243652344 244.0390625 455.9061279296875 266.578125
12-oclock-high-special-edition-00086061.jpg 601.0816650390625 167.1484375 629.36328125 260.875 592.3795776367188 326.265625 444.44488525390625 169.328125 431.391845703125 269.59375 474.90203857421875 230.359375
12-oclock-high-special-edition-00086281.jpg 595.0040283203125 169.09375 618.5142822265625 263.46875 576.1959228515625 320.09375 451.5918273925781 173.8125 430.4326477050781 254.03125 463.346923828125 195.046875
12-oclock-high-special-edition-00088031.jpg 316.20001220703125 204.546875 327.20001220703125 288.265625 320.6000061035156 352.15625 168.8000030517578 202.34375 120.40000915527344 281.65625 85.20000457763672 332.328125
12-oclock-high-special-edition-00088041.jpg 306.5591735839844 201.42578125 320.9101867675781 316.36328125 299.3836669921875 388.19921875 167.8326416015625 187.05859375 100.86122131347656 290.0234375 76.94285583496094 383.41015625
12-oclock-high-special-edition-00089811.jpg 312.1510314941406 218.0 319.3999938964844 288.6875 333.89794921875 339.4375 216.10203552246094 187.1875 194.3551025390625 257.875 221.5387725830078 303.1875
12-oclock-high-special-edition-00089951.jpg 482.653076171875 237.9375 469.1836853027344 291.734375 467.95916748046875 334.52734375 546.3265380859375 229.37890625 559.7958984375 284.3984375 572.0408325195312 336.97265625
12-oclock-high-special-edition-00089951.jpg 484.7958984375 238.5 466.8204040527344 286.5 466.8204040527344 333.0 547.710205078125 231.0 556.6979370117188 286.5 571.6775512695312 333.0
12-oclock-high-special-edition-00089961.jpg 527.7183837890625 249.375 516.7346801757812 295.6875 504.5306091308594 337.125 597.2816162109375 239.625 615.5877685546875 285.9375 619.2490234375 323.71875
12-oclock-high-special-edition-00090901.jpg 251.85305786132812 143.0703125 265.7877502441406 215.12109375 244.88571166992188 280.19921875 168.24490356445312 145.39453125 119.47346496582031 184.90625 91.60408020019531 173.28515625
12-oclock-high-special-edition-00090911.jpg 308.4000244140625 149.4375 320.22857666015625 230.625 313.4693908691406 296.58984375 220.53062438964844 139.2890625 168.14694213867188 186.6484375 193.49388122558594 122.375
12-oclock-high-special-edition-00090951.jpg 370.81634521484375 155.94140625 385.83673095703125 234.14453125 384.334716796875 309.33984375 276.187744140625 158.94921875 264.17144775390625 241.6640625 252.1551055908203 294.30078125
12-oclock-high-special-edition-00090961.jpg 375.22857666015625 159.5625 389.62860107421875 246.1875 383.4571533203125 318.375 280.6000061035156 157.5 270.3143005371094 242.0625 249.7428741455078 297.75
12-oclock-high-special-edition-00091201.jpg 584.0203857421875 173.9140625 604.4898071289062 214.6875 622.551025390625 260.2578125 514.1836547851562 173.9140625 515.3877563476562 224.28125 516.5918579101562 261.45703125
12-oclock-high-special-edition-00091901.jpg 237.7142791748047 198.73828125 261.28570556640625 280.59765625 237.7142791748047 356.16015625 135.57142639160156 214.48046875 123.0 297.9140625 94.71428680419922 354.5859375
12-oclock-high-special-edition-00097851.jpg 603.2041015625 253.58984375 612.6571655273438 303.96484375 606.3551025390625 349.6171875 497.6448974609375 244.14453125 489.767333984375 303.96484375 453.5306091308594 322.85546875
12-oclock-high-special-edition-00097861.jpg 623.767333984375 258.1953125 628.3714599609375 307.74609375 619.1632690429688 353.83984375 515.5714111328125 242.0625 502.91021728515625 298.52734375 474.13470458984375 318.1171875
12-oclock-high-special-edition-00098011.jpg 509.1836853027344 230.921875 532.955078125 297.19140625 500.6938781738281 332.875 390.3265380859375 249.61328125 381.83673095703125 310.78515625 412.3999938964844 332.875
12-oclock-high-special-edition-00098031.jpg 497.5673522949219 244.328125 519.2653198242188 294.96875 510.2244873046875 323.90625 425.2408142089844 247.9453125 418.0081787109375 314.86328125 475.869384765625 338.375
12-oclock-high-special-edition-00106831.jpg 566.8775634765625 181.04296875 619.448974609375 244.92578125 707.69384765625 274.98828125 444.83673095703125 194.1953125 409.16326904296875 282.50390625 392.26531982421875 359.5390625
12-oclock-high-special-edition-00106851.jpg 564.5999755859375 182.640625 589.3836669921875 275.62890625 620.36328125 341.75390625 438.6163330078125 203.3046875 417.9632568359375 285.9609375 420.028564453125 354.15234375
12-oclock-high-special-edition-00106861.jpg 558.1632690429688 182.59375 580.2041015625 267.046875 598.5714111328125 333.140625 440.61224365234375 200.953125 409.38775634765625 285.40625 402.04083251953125 353.3359375
12-oclock-high-special-edition-00106961.jpg 312.89794921875 216.66015625 331.38775634765625 256.03515625 348.6448974609375 275.72265625 236.4734649658203 222.8125 230.31021118164062 296.640625 235.24081420898438 327.40234375
12-oclock-high-special-edition-00107641.jpg 149.95510864257812 238.6875 151.63265991210938 312.59375 77.82040405273438 300.8359375 45.94694519042969 235.328125 47.62449645996094 297.4765625 123.11428833007812 284.0390625
12-oclock-high-special-edition-00107801.jpg 161.89385986328125 253.75 178.75509643554688 323.125 109.43673706054688 349.375 64.47346496582031 238.75 34.497955322265625 289.375 13.889801025390625 338.125
12-oclock-high-special-edition-00107801.jpg 161.4897918701172 249.0 177.7795867919922 325.25 112.62040710449219 347.75 57.48571014404297 236.5 29.918365478515625 295.25 9.869384765625 334.0
12-oclock-high-special-edition-00107821.jpg 163.15509033203125 252.359375 186.02447509765625 319.15625 138.52651977539062 366.6171875 52.32652282714844 233.0234375 27.697952270507812 291.03125 17.142852783203125 343.765625
12-oclock-high-special-edition-00107851.jpg 186.0 193.8046875 206.0 270.1015625 214.0 350.4140625 66.0 185.7734375 38.0 266.0859375 28.0 326.3203125
